     *ïΩï˚ç™ï\* è¨êîì_à»â∫ëÊéOà Ç‹Ç≈
   |   0|   1|   2|   3|   4|   5|   6|   7|   8|   9
1.0|1000|1004|1009|1014|1019|1024|1029|1034|1039|1044
1.1|1048|1053|1058|1063|1067|1072|1077|1081|1086|1090
1.2|1095|1099|1104|1109|1113|1118|1122|1126|1131|1135
1.3|1140|1144|1148|1153|1157|1161|1166|1170|1174|1178
1.4|1183|1187|1191|1195|1199|1204|1208|1212|1216|1220
1.5|1224|1228|1232|1236|1240|1244|1248|1252|1256|1260
1.6|1264|1268|1272|1276|1280|1284|1288|1292|1296|1300
1.7|1303|1307|1311|1315|1319|1322|1326|1330|1334|1337
1.8|1341|1345|1349|1352|1356|1360|1363|1367|1371|1374
1.9|1378|1382|1385|1389|1392|1396|1399|1403|1407|1410
2.0|1414|1417|1421|1424|1428|1431|1435|1438|1442|1445
2.1|1449|1452|1456|1459|1462|1466|1469|1473|1476|1479
2.2|1483|1486|1489|1493|1496|1499|1503|1506|1509|1513
2.3|1516|1519|1523|1526|1529|1532|1536|1539|1542|1545
2.4|1549|1552|1555|1558|1562|1565|1568|1571|1574|1577
2.5|1581|1584|1587|1590|1593|1596|1599|1603|1606|1609
2.6|1612|1615|1618|1621|1624|1627|1630|1634|1637|1640
2.7|1643|1646|1649|1652|1655|1658|1661|1664|1667|1670
2.8|1673|1676|1679|1682|1685|1688|1691|1694|1697|1699
2.9|1702|1705|1708|1711|1714|1717|1720|1723|1726|1729
3.0|1732|1734|1737|1740|1743|1746|1749|1752|1754|1757
3.1|1760|1763|1766|1769|1772|1774|1777|1780|1783|1786
3.2|1788|1791|1794|1797|1799|1802|1805|1808|1811|1813
3.3|1816|1819|1822|1824|1827|1830|1833|1835|1838|1841
3.4|1843|1846|1849|1852|1854|1857|1860|1862|1865|1868
3.5|1870|1873|1876|1878|1881|1884|1886|1889|1892|1894
3.6|1897|1899|1902|1905|1907|1910|1913|1915|1918|1920
3.7|1923|1926|1928|1931|1933|1936|1939|1941|1944|1946
3.8|1949|1951|1954|1957|1959|1962|1964|1967|1969|1972
3.9|1974|1977|1979|1982|1984|1987|1989|1992|1994|1997
4.0|2000|2002|2004|2007|2009|2012|2014|2017|2019|2022
4.1|2024|2027|2029|2032|2034|2037|2039|2042|2044|2046
4.2|2049|2051|2054|2056|2059|2061|2063|2066|2068|2071
4.3|2073|2076|2078|2080|2083|2085|2088|2090|2092|2095
4.4|2097|2100|2102|2104|2107|2109|2111|2114|2116|2118
4.5|2121|2123|2126|2128|2130|2133|2135|2137|2140|2142
4.6|2144|2147|2149|2151|2154|2156|2158|2161|2163|2165
4.7|2167|2170|2172|2174|2177|2179|2181|2184|2186|2188
4.8|2190|2193|2195|2197|2199|2202|2204|2206|2209|2211
4.8|2190|2193|2195|2197|2199|2202|2204|2206|2209|2211
4.9|2213|2215|2218|2220|2222|2224|2227|2229|2231|2233
5.0|2236|2238|2240|2242|2244|2247|2249|2251|2253|2256
5.1|2258|2260|2262|2264|2267|2269|2271|2273|2275|2278
5.2|2280|2282|2284|2286|2289|2291|2293|2295|2297|2299
5.3|2302|2304|2306|2308|2310|2313|2315|2317|2319|2321
5.4|2323|2325|2328|2330|2332|2334|2336|2338|2340|2343
5.5|2345|2347|2349|2351|2353|2355|2357|2360|2362|2364
5.6|2366|2368|2370|2372|2374|2376|2379|2381|2383|2385
5.7|2387|2389|2391|2393|2395|2397|2399|2402|2404|2406
5.8|2408|2410|2412|2414|2416|2418|2420|2422|2424|2426
5.9|2428|2431|2433|2435|2437|2439|2441|2443|2445|2447
6.0|2449|2451|2453|2455|2457|2459|2461|2463|2465|2467
6.1|2469|2471|2473|2475|2477|2479|2481|2483|2485|2487
6.2|2489|2491|2493|2495|2497|2499|2501|2503|2505|2507
6.3|2509|2511|2513|2515|2517|2519|2521|2523|2525|2527
6.4|2529|2531|2533|2535|2537|2539|2541|2543|2545|2547
6.5|2549|2551|2553|2555|2557|2559|2561|2563|2565|2567
6.6|2569|2570|2572|2574|2576|2578|2580|2582|2584|2586
6.7|2588|2590|2592|2594|2596|2598|2599|2601|2603|2605
6.8|2607|2609|2611|2613|2615|2617|2619|2621|2622|2624
6.9|2626|2628|2630|2632|2634|2636|2638|2640|2641|2643
7.0|2645|2647|2649|2651|2653|2655|2657|2658|2660|2662
7.1|2664|2666|2668|2670|2672|2673|2675|2677|2679|2681
7.2|2683|2685|2687|2688|2690|2692|2694|2696|2698|2699
7.3|2701|2703|2705|2707|2709|2711|2712|2714|2716|2718
7.4|2720|2722|2723|2725|2727|2729|2731|2733|2734|2736
7.5|2738|2740|2742|2744|2745|2747|2749|2751|2753|2754
7.6|2756|2758|2760|2762|2764|2765|2767|2769|2771|2773
7.7|2774|2776|2778|2780|2782|2783|2785|2787|2789|2791
7.8|2792|2794|2796|2798|2799|2801|2803|2805|2807|2808
7.9|2810|2812|2814|2816|2817|2819|2821|2823|2824|2826
8.0|2828|2830|2831|2833|2835|2837|2839|2840|2842|2844
8.1|2846|2847|2849|2851|2853|2854|2856|2858|2860|2861
8.2|2863|2865|2867|2868|2870|2872|2874|2875|2877|2879
8.3|2880|2882|2884|2886|2887|2889|2891|2893|2894|2896
8.4|2898|2900|2901|2903|2905|2906|2908|2910|2912|2913
8.5|2915|2917|2918|2920|2922|2924|2925|2927|2929|2930
8.6|2932|2934|2935|2937|2939|2941|2942|2944|2946|2947
8.7|2949|2951|2952|2954|2956|2958|2959|2961|2963|2964
8.8|2966|2968|2969|2971|2973|2974|2976|2978|2979|2981
8.9|2983|2984|2986|2988|2989|2991|2993|2994|2996|2998
9.0|3000|3001|3003|3004|3006|3008|3009|3011|3013|3014
9.1|3016|3018|3019|3021|3023|3024|3026|3028|3029|3031
9.2|3033|3034|3036|3038|3039|3041|3043|3044|3046|3047
9.3|3049|3051|3052|3054|3056|3057|3059|3061|3062|3064
9.4|3065|3067|3069|3070|3072|3074|3075|3077|3078|3080
9.5|3082|3083|3085|3087|3088|3090|3091|3093|3095|3096
9.6|3098|3099|3101|3103|3104|3106|3108|3109|3111|3112
9.7|3114|3116|3117|3119|3120|3122|3124|3125|3127|3128
9.8|3130|3132|3133|3135|3136|3138|3140|3141|3143|3144
 10|3162|3178|3193|3209|3224|3240|3255|3271|3286|3301
 11|3316|3331|3346|3361|3376|3391|3405|3420|3435|3449
 12|3464|3478|3492|3507|3521|3535|3549|3563|3577|3591
 13|3605|3619|3633|3646|3660|3674|3687|3701|3714|3728
 14|3741|3754|3768|3781|3794|3807|3820|3834|3847|3860
 15|3872|3885|3898|3911|3924|3937|3949|3962|3974|3987
 16|4000|4012|4024|4037|4049|4062|4074|4086|4098|4110
 17|4123|4135|4147|4159|4171|4183|4195|4207|4219|4230
 18|4242|4254|4266|4277|4289|4301|4312|4324|4335|4347
 19|4358|4370|4381|4393|4404|4415|4427|4438|4449|4460
 20|4472|4483|4494|4505|4516|4527|4538|4549|4560|4571
 21|4582|4593|4604|4615|4626|4636|4647|4658|4669|4679
 22|4690|4701|4711|4722|4732|4743|4753|4764|4774|4785
 23|4795|4806|4816|4827|4837|4847|4857|4868|4878|4888
 24|4898|4909|4919|4929|4939|4949|4959|4969|4979|4989
 25|5000|5009|5019|5029|5039|5049|5059|5069|5079|5089
 26|5099|5108|5118|5128|5138|5147|5157|5167|5176|5186
 27|5196|5205|5215|5224|5234|5244|5253|5263|5272|5282
 28|5291|5300|5310|5319|5329|5338|5347|5357|5366|5375
 29|5385|5394|5403|5412|5422|5431|5440|5449|5458|5468
 30|5477|5486|5495|5504|5513|5522|5531|5540|5549|5558
 31|5567|5576|5585|5594|5603|5612|5621|5630|5639|5648
 32|5656|5665|5674|5683|5692|5700|5709|5718|5727|5735
 33|5744|5753|5761|5770|5779|5787|5796|5805|5813|5822
 34|5830|5839|5848|5856|5865|5873|5882|5890|5899|5907
 35|5916|5924|5932|5941|5949|5958|5966|5974|5983|5991
 36|6000|6008|6016|6024|6033|6041|6049|6058|6066|6074
 37|6082|6090|6099|6107|6115|6123|6131|6140|6148|6156
 38|6164|6172|6180|6188|6196|6204|6212|6220|6228|6236
 39|6244|6252|6260|6268|6276|6284|6292|6300|6308|6316
 40|6324|6332|6340|6348|6356|6363|6371|6379|6387|6395
 41|6403|6410|6418|6426|6434|6442|6449|6457|6465|6473
 42|6480|6488|6496|6503|6511|6519|6526|6534|6542|6549
 43|6557|6565|6572|6580|6587|6595|6603|6610|6618|6625
 44|6633|6640|6648|6655|6663|6670|6678|6685|6693|6700
 45|6708|6715|6723|6730|6737|6745|6752|6760|6767|6774
 46|6782|6789|6797|6804|6811|6819|6826|6833|6841|6848
 47|6855|6862|6870|6877|6884|6892|6899|6906|6913|6920
 48|6928|6935|6942|6949|6957|6964|6971|6978|6985|6992
 49|7000|7007|7014|7021|7028|7035|7042|7049|7056|7063
 50|7071|7078|7085|7092|7099|7106|7113|7120|7127|7134
 51|7141|7148|7155|7162|7169|7176|7183|7190|7197|7204
 52|7211|7218|7224|7231|7238|7245|7252|7259|7266|7273
 53|7280|7286|7293|7300|7307|7314|7321|7328|7334|7341
 54|7348|7355|7362|7368|7375|7382|7389|7395|7402|7409
 55|7416|7422|7429|7436|7443|7449|7456|7463|7469|7476
 56|7483|7489|7496|7503|7509|7516|7523|7529|7536|7543
 57|7549|7556|7563|7569|7576|7582|7589|7596|7602|7609
 58|7615|7622|7628|7635|7641|7648|7655|7661|7668|7674
 59|7681|7687|7694|7700|7707|7713|7720|7726|7733|7739
 60|7745|7752|7758|7765|7771|7778|7784|7791|7797|7803
 61|7810|7816|7823|7829|7835|7842|7848|7854|7861|7867
 62|7874|7880|7886|7893|7899|7905|7912|7918|7924|7930
 63|7937|7943|7949|7956|7962|7968|7974|7981|7987|7993
 64|8000|8006|8012|8018|8024|8031|8037|8043|8049|8056
 65|8062|8068|8074|8080|8087|8093|8099|8105|8111|8117
 66|8124|8130|8136|8142|8148|8154|8160|8167|8173|8179
 67|8185|8191|8197|8203|8209|8215|8221|8228|8234|8240
 68|8246|8252|8258|8264|8270|8276|8282|8288|8294|8300
 69|8306|8312|8318|8324|8330|8336|8342|8348|8354|8360
 70|8366|8372|8378|8384|8390|8396|8402|8408|8414|8420
 71|8426|8432|8438|8443|8449|8455|8461|8467|8473|8479
 72|8485|8491|8497|8502|8508|8514|8520|8526|8532|8538
 73|8544|8549|8555|8561|8567|8573|8579|8584|8590|8596
 74|8602|8608|8613|8619|8625|8631|8637|8642|8648|8654
 75|8660|8666|8671|8677|8683|8689|8694|8700|8706|8712
 76|8717|8723|8729|8734|8740|8746|8752|8757|8763|8769
 77|8774|8780|8786|8792|8797|8803|8809|8814|8820|8826
 78|8831|8837|8843|8848|8854|8860|8865|8871|8876|8882
 79|8888|8893|8899|8905|8910|8916|8921|8927|8933|8938
 80|8944|8949|8955|8961|8966|8972|8977|8983|8988|8994
 81|9000|9005|9011|9016|9022|9027|9033|9038|9044|9049
 82|9055|9060|9066|9071|9077|9082|9088|9093|9099|9104
 83|9110|9115|9121|9126|9132|9137|9143|9148|9154|9159
 84|9165|9170|9176|9181|9186|9192|9197|9203|9208|9214
 85|9219|9224|9230|9235|9241|9246|9252|9257|9262|9268
 86|9273|9279|9284|9289|9295|9300|9305|9311|9316|9322
 87|9327|9332|9338|9343|9348|9354|9359|9364|9370|9375
 88|9380|9386|9391|9396|9402|9407|9412|9418|9423|9428
 89|9433|9439|9444|9449|9455|9460|9465|9471|9476|9481
 90|9486|9492|9497|9502|9507|9513|9518|9523|9528|9534
 91|9539|9544|9549|9555|9560|9565|9570|9576|9581|9586
 92|9591|9596|9602|9607|9612|9617|9622|9628|9633|9638
 93|9643|9648|9654|9659|9664|9669|9674|9679|9685|9690
 94|9695|9700|9705|9710|9715|9721|9726|9731|9736|9741
 95|9746|9751|9757|9762|9767|9772|9777|9782|9787|9792
 96|9797|9803|9808|9813|9818|9823|9828|9833|9838|9843
 97|9848|9853|9859|9864|9869|9874|9879|9884|9889|9894
 98|9899|9904|9909|9914|9919|9924|9929|9934|9939|9944
 99|9949|9954|9959|9964|9969|9974|9979|9984|9989|9994
   ****åvéZÇP made by ë∫ê£å˜àÍ****
